0 1 1 1200
1 10 0 19 17 15 13 11 9 7 5 3 1200 200 200 200 200 200 200 200 200 200
2 1 3 1600
3 10 2 19 17 15 13 11 9 7 5 1 1600 200 200 200 200 200 200 200 200 200
4 1 5 2400
5 10 4 19 17 15 13 11 9 7 3 1 2400 200 200 200 200 200 200 200 200 200
6 1 7 3200
7 10 6 19 17 15 13 11 9 5 3 1 3200 200 200 200 200 200 200 200 200 200
8 1 9 4000
9 10 8 19 17 15 13 11 7 5 3 1 4000 200 200 200 200 200 200 200 200 200
10 1 11 4800
11 10 10 19 17 15 13 9 7 5 3 1 4800 200 200 200 200 200 200 200 200 200
12 1 13 5600
13 10 12 19 17 15 11 9 7 5 3 1 5600 200 200 200 200 200 200 200 200 200
14 1 15 6400
15 10 14 19 17 13 11 9 7 5 3 1 6400 200 200 200 200 200 200 200 200 200
16 1 17 6800
17 10 16 19 15 13 11 9 7 5 3 1 6800 200 200 200 200 200 200 200 200 200
18 1 19 7600
19 10 18 1 3 5 7 9 11 13 15 17 7600 200 200 200 200 200 200 200 200 200
