0 1 1 1200
1 15 0 29 27 25 23 21 19 17 15 13 11 9 7 5 3 1200 200 200 200 200 200 200 200 200 200 200 200 200 200 200
2 1 3 1600
3 15 2 29 27 25 23 21 19 17 15 13 11 9 7 5 1 1600 200 200 200 200 200 200 200 200 200 200 200 200 200 200
4 1 5 2400
5 15 4 29 27 25 23 21 19 17 15 13 11 9 7 3 1 2400 200 200 200 200 200 200 200 200 200 200 200 200 200 200
6 1 7 3200
7 15 6 29 27 25 23 21 19 17 15 13 11 9 5 3 1 3200 200 200 200 200 200 200 200 200 200 200 200 200 200 200
8 1 9 4000
9 15 8 29 27 25 23 21 19 17 15 13 11 7 5 3 1 4000 200 200 200 200 200 200 200 200 200 200 200 200 200 200
10 1 11 4800
11 15 10 29 27 25 23 21 19 17 15 13 9 7 5 3 1 4800 200 200 200 200 200 200 200 200 200 200 200 200 200 200
12 1 13 5600
13 15 12 29 27 25 23 21 19 17 15 11 9 7 5 3 1 5600 200 200 200 200 200 200 200 200 200 200 200 200 200 200
14 1 15 6400
15 15 14 29 27 25 23 21 19 17 13 11 9 7 5 3 1 6400 200 200 200 200 200 200 200 200 200 200 200 200 200 200
16 1 17 7200
17 15 16 29 27 25 23 21 19 15 13 11 9 7 5 3 1 7200 200 200 200 200 200 200 200 200 200 200 200 200 200 200
18 1 19 8000
19 15 18 29 27 25 23 21 17 15 13 11 9 7 5 3 1 8000 200 200 200 200 200 200 200 200 200 200 200 200 200 200
20 1 21 8800
21 15 20 29 27 25 23 19 17 15 13 11 9 7 5 3 1 8800 200 200 200 200 200 200 200 200 200 200 200 200 200 200
22 1 23 9600
23 15 22 29 27 25 21 19 17 15 13 11 9 7 5 3 1 9600 200 200 200 200 200 200 200 200 200 200 200 200 200 200
24 1 25 10400
25 15 24 29 27 23 21 19 17 15 13 11 9 7 5 3 1 10400 200 200 200 200 200 200 200 200 200 200 200 200 200 200
26 1 27 10800
27 15 26 29 25 23 21 19 17 15 13 11 9 7 5 3 1 10800 200 200 200 200 200 200 200 200 200 200 200 200 200 200
28 1 29 11600
29 15 28 1 3 5 7 9 11 13 15 17 19 21 23 25 27 11600 200 200 200 200 200 200 200 200 200 200 200 200 200 200
