0 1 1 1200
1 25 0 49 47 45 43 41 39 37 35 33 31 29 27 25 23 21 19 17 15 13 11 9 7 5 3 1200 200 200 200 200 200 200 200 200 200 200 200 200 200 200 200 200 200 200 200 200 200 200 200 200
2 1 3 1600
3 25 2 49 47 45 43 41 39 37 35 33 31 29 27 25 23 21 19 17 15 13 11 9 7 5 1 1600 200 200 200 200 200 200 200 200 200 200 200 200 200 200 200 200 200 200 200 200 200 200 200 200
4 1 5 2400
5 25 4 49 47 45 43 41 39 37 35 33 31 29 27 25 23 21 19 17 15 13 11 9 7 3 1 2400 200 200 200 200 200 200 200 200 200 200 200 200 200 200 200 200 200 200 200 200 200 200 200 200
6 1 7 3200
7 25 6 49 47 45 43 41 39 37 35 33 31 29 27 25 23 21 19 17 15 13 11 9 5 3 1 3200 200 200 200 200 200 200 200 200 200 200 200 200 200 200 200 200 200 200 200 200 200 200 200 200
8 1 9 4000
9 25 8 49 47 45 43 41 39 37 35 33 31 29 27 25 23 21 19 17 15 13 11 7 5 3 1 4000 200 200 200 200 200 200 200 200 200 200 200 200 200 200 200 200 200 200 200 200 200 200 200 200
10 1 11 4800
11 25 10 49 47 45 43 41 39 37 35 33 31 29 27 25 23 21 19 17 15 13 9 7 5 3 1 4800 200 200 200 200 200 200 200 200 200 200 200 200 200 200 200 200 200 200 200 200 200 200 200 200
12 1 13 5600
13 25 12 49 47 45 43 41 39 37 35 33 31 29 27 25 23 21 19 17 15 11 9 7 5 3 1 5600 200 200 200 200 200 200 200 200 200 200 200 200 200 200 200 200 200 200 200 200 200 200 200 200
14 1 15 6400
15 25 14 49 47 45 43 41 39 37 35 33 31 29 27 25 23 21 19 17 13 11 9 7 5 3 1 6400 200 200 200 200 200 200 200 200 200 200 200 200 200 200 200 200 200 200 200 200 200 200 200 200
16 1 17 7200
17 25 16 49 47 45 43 41 39 37 35 33 31 29 27 25 23 21 19 15 13 11 9 7 5 3 1 7200 200 200 200 200 200 200 200 200 200 200 200 200 200 200 200 200 200 200 200 200 200 200 200 200
18 1 19 8000
19 25 18 49 47 45 43 41 39 37 35 33 31 29 27 25 23 21 17 15 13 11 9 7 5 3 1 8000 200 200 200 200 200 200 200 200 200 200 200 200 200 200 200 200 200 200 200 200 200 200 200 200
20 1 21 8800
21 25 20 49 47 45 43 41 39 37 35 33 31 29 27 25 23 19 17 15 13 11 9 7 5 3 1 8800 200 200 200 200 200 200 200 200 200 200 200 200 200 200 200 200 200 200 200 200 200 200 200 200
22 1 23 9600
23 25 22 49 47 45 43 41 39 37 35 33 31 29 27 25 21 19 17 15 13 11 9 7 5 3 1 9600 200 200 200 200 200 200 200 200 200 200 200 200 200 200 200 200 200 200 200 200 200 200 200 200
24 1 25 10400
25 25 24 49 47 45 43 41 39 37 35 33 31 29 27 23 21 19 17 15 13 11 9 7 5 3 1 10400 200 200 200 200 200 200 200 200 200 200 200 200 200 200 200 200 200 200 200 200 200 200 200 200
26 1 27 11200
27 25 26 49 47 45 43 41 39 37 35 33 31 29 25 23 21 19 17 15 13 11 9 7 5 3 1 11200 200 200 200 200 200 200 200 200 200 200 200 200 200 200 200 200 200 200 200 200 200 200 200 200
28 1 29 12000
29 25 28 49 47 45 43 41 39 37 35 33 31 27 25 23 21 19 17 15 13 11 9 7 5 3 1 12000 200 200 200 200 200 200 200 200 200 200 200 200 200 200 200 200 200 200 200 200 200 200 200 200
30 1 31 12800
31 25 30 49 47 45 43 41 39 37 35 33 29 27 25 23 21 19 17 15 13 11 9 7 5 3 1 12800 200 200 200 200 200 200 200 200 200 200 200 200 200 200 200 200 200 200 200 200 200 200 200 200
32 1 33 13600
33 25 32 49 47 45 43 41 39 37 35 31 29 27 25 23 21 19 17 15 13 11 9 7 5 3 1 13600 200 200 200 200 200 200 200 200 200 200 200 200 200 200 200 200 200 200 200 200 200 200 200 200
34 1 35 14400
35 25 34 49 47 45 43 41 39 37 33 31 29 27 25 23 21 19 17 15 13 11 9 7 5 3 1 14400 200 200 200 200 200 200 200 200 200 200 200 200 200 200 200 200 200 200 200 200 200 200 200 200
36 1 37 15200
37 25 36 49 47 45 43 41 39 35 33 31 29 27 25 23 21 19 17 15 13 11 9 7 5 3 1 15200 200 200 200 200 200 200 200 200 200 200 200 200 200 200 200 200 200 200 200 200 200 200 200 200
38 1 39 16000
39 25 38 49 47 45 43 41 37 35 33 31 29 27 25 23 21 19 17 15 13 11 9 7 5 3 1 16000 200 200 200 200 200 200 200 200 200 200 200 200 200 200 200 200 200 200 200 200 200 200 200 200
40 1 41 16800
41 25 40 49 47 45 43 39 37 35 33 31 29 27 25 23 21 19 17 15 13 11 9 7 5 3 1 16800 200 200 200 200 200 200 200 200 200 200 200 200 200 200 200 200 200 200 200 200 200 200 200 200
42 1 43 17600
43 25 42 49 47 45 41 39 37 35 33 31 29 27 25 23 21 19 17 15 13 11 9 7 5 3 1 17600 200 200 200 200 200 200 200 200 200 200 200 200 200 200 200 200 200 200 200 200 200 200 200 200
44 1 45 18400
45 25 44 49 47 43 41 39 37 35 33 31 29 27 25 23 21 19 17 15 13 11 9 7 5 3 1 18400 200 200 200 200 200 200 200 200 200 200 200 200 200 200 200 200 200 200 200 200 200 200 200 200
46 1 47 18800
47 25 46 49 45 43 41 39 37 35 33 31 29 27 25 23 21 19 17 15 13 11 9 7 5 3 1 18800 200 200 200 200 200 200 200 200 200 200 200 200 200 200 200 200 200 200 200 200 200 200 200 200
48 1 49 19600
49 25 48 1 3 5 7 9 11 13 15 17 19 21 23 25 27 29 31 33 35 37 39 41 43 45 47 19600 200 200 200 200 200 200 200 200 200 200 200 200 200 200 200 200 200 200 200 200 200 200 200 200
