0 1 1 1200
1 28 0 61 53 51 49 47 45 43 41 39 37 35 33 31 29 27 25 23 21 19 17 15 13 11 9 7 5 3 1200 200 200 200 200 200 200 200 200 200 200 200 200 200 200 200 200 200 200 200 200 200 200 200 200 200 200 200
2 1 3 1600
3 29 2 61 55 53 51 49 47 45 43 41 39 37 35 33 31 29 27 25 23 21 19 17 15 13 11 9 7 5 1 1600 200 200 200 200 200 200 200 200 200 200 200 200 200 200 200 200 200 200 200 200 200 200 200 200 200 200 200 200
4 1 5 2400
5 30 4 61 57 55 53 51 49 47 45 43 41 39 37 35 33 31 29 27 25 23 21 19 17 15 13 11 9 7 3 1 2400 200 200 200 200 200 200 200 200 200 200 200 200 200 200 200 200 200 200 200 200 200 200 200 200 200 200 200 200 200
6 1 7 3200
7 31 6 61 59 57 55 53 51 49 47 45 43 41 39 37 35 33 31 29 27 25 23 21 19 17 15 13 11 9 5 3 1 3200 200 200 200 200 200 200 200 200 200 200 200 200 200 200 200 200 200 200 200 200 200 200 200 200 200 200 200 200 200 200
8 1 9 4000
9 31 8 61 59 57 55 53 51 49 47 45 43 41 39 37 35 33 31 29 27 25 23 21 19 17 15 13 11 7 5 3 1 4000 200 200 200 200 200 200 200 200 200 200 200 200 200 200 200 200 200 200 200 200 200 200 200 200 200 200 200 200 200 200
10 1 11 4800
11 31 10 61 59 57 55 53 51 49 47 45 43 41 39 37 35 33 31 29 27 25 23 21 19 17 15 13 9 7 5 3 1 4800 200 200 200 200 200 200 200 200 200 200 200 200 200 200 200 200 200 200 200 200 200 200 200 200 200 200 200 200 200 200
12 1 13 5600
13 31 12 61 59 57 55 53 51 49 47 45 43 41 39 37 35 33 31 29 27 25 23 21 19 17 15 11 9 7 5 3 1 5600 200 200 200 200 200 200 200 200 200 200 200 200 200 200 200 200 200 200 200 200 200 200 200 200 200 200 200 200 200 200
14 1 15 6400
15 31 14 61 59 57 55 53 51 49 47 45 43 41 39 37 35 33 31 29 27 25 23 21 19 17 13 11 9 7 5 3 1 6400 200 200 200 200 200 200 200 200 200 200 200 200 200 200 200 200 200 200 200 200 200 200 200 200 200 200 200 200 200 200
16 1 17 7200
17 31 16 61 59 57 55 53 51 49 47 45 43 41 39 37 35 33 31 29 27 25 23 21 19 15 13 11 9 7 5 3 1 7200 200 200 200 200 200 200 200 200 200 200 200 200 200 200 200 200 200 200 200 200 200 200 200 200 200 200 200 200 200 200
18 1 19 8000
19 31 18 61 59 57 55 53 51 49 47 45 43 41 39 37 35 33 31 29 27 25 23 21 17 15 13 11 9 7 5 3 1 8000 200 200 200 200 200 200 200 200 200 200 200 200 200 200 200 200 200 200 200 200 200 200 200 200 200 200 200 200 200 200
20 1 21 8800
21 31 20 61 59 57 55 53 51 49 47 45 43 41 39 37 35 33 31 29 27 25 23 19 17 15 13 11 9 7 5 3 1 8800 200 200 200 200 200 200 200 200 200 200 200 200 200 200 200 200 200 200 200 200 200 200 200 200 200 200 200 200 200 200
22 1 23 9600
23 31 22 61 59 57 55 53 51 49 47 45 43 41 39 37 35 33 31 29 27 25 21 19 17 15 13 11 9 7 5 3 1 9600 200 200 200 200 200 200 200 200 200 200 200 200 200 200 200 200 200 200 200 200 200 200 200 200 200 200 200 200 200 200
24 1 25 10400
25 31 24 61 59 57 55 53 51 49 47 45 43 41 39 37 35 33 31 29 27 23 21 19 17 15 13 11 9 7 5 3 1 10400 200 200 200 200 200 200 200 200 200 200 200 200 200 200 200 200 200 200 200 200 200 200 200 200 200 200 200 200 200 200
26 1 27 11200
27 31 26 61 59 57 55 53 51 49 47 45 43 41 39 37 35 33 31 29 25 23 21 19 17 15 13 11 9 7 5 3 1 11200 200 200 200 200 200 200 200 200 200 200 200 200 200 200 200 200 200 200 200 200 200 200 200 200 200 200 200 200 200 200
28 1 29 12000
29 31 28 61 59 57 55 53 51 49 47 45 43 41 39 37 35 33 31 27 25 23 21 19 17 15 13 11 9 7 5 3 1 12000 200 200 200 200 200 200 200 200 200 200 200 200 200 200 200 200 200 200 200 200 200 200 200 200 200 200 200 200 200 200
30 1 31 12800
31 31 30 61 59 57 55 53 51 49 47 45 43 41 39 37 35 33 29 27 25 23 21 19 17 15 13 11 9 7 5 3 1 12800 200 200 200 200 200 200 200 200 200 200 200 200 200 200 200 200 200 200 200 200 200 200 200 200 200 200 200 200 200 200
32 1 33 13600
33 31 32 61 59 57 55 53 51 49 47 45 43 41 39 37 35 31 29 27 25 23 21 19 17 15 13 11 9 7 5 3 1 13600 200 200 200 200 200 200 200 200 200 200 200 200 200 200 200 200 200 200 200 200 200 200 200 200 200 200 200 200 200 200
34 1 35 14400
35 31 34 61 59 57 55 53 51 49 47 45 43 41 39 37 33 31 29 27 25 23 21 19 17 15 13 11 9 7 5 3 1 14400 200 200 200 200 200 200 200 200 200 200 200 200 200 200 200 200 200 200 200 200 200 200 200 200 200 200 200 200 200 200
36 1 37 15200
37 31 36 61 59 57 55 53 51 49 47 45 43 41 39 35 33 31 29 27 25 23 21 19 17 15 13 11 9 7 5 3 1 15200 200 200 200 200 200 200 200 200 200 200 200 200 200 200 200 200 200 200 200 200 200 200 200 200 200 200 200 200 200 200
38 1 39 16000
39 31 38 61 59 57 55 53 51 49 47 45 43 41 37 35 33 31 29 27 25 23 21 19 17 15 13 11 9 7 5 3 1 16000 200 200 200 200 200 200 200 200 200 200 200 200 200 200 200 200 200 200 200 200 200 200 200 200 200 200 200 200 200 200
40 1 41 16800
41 31 40 61 59 57 55 53 51 49 47 45 43 39 37 35 33 31 29 27 25 23 21 19 17 15 13 11 9 7 5 3 1 16800 200 200 200 200 200 200 200 200 200 200 200 200 200 200 200 200 200 200 200 200 200 200 200 200 200 200 200 200 200 200
42 1 43 17600
43 31 42 61 59 57 55 53 51 49 47 45 41 39 37 35 33 31 29 27 25 23 21 19 17 15 13 11 9 7 5 3 1 17600 200 200 200 200 200 200 200 200 200 200 200 200 200 200 200 200 200 200 200 200 200 200 200 200 200 200 200 200 200 200
44 1 45 18400
45 31 44 61 59 57 55 53 51 49 47 43 41 39 37 35 33 31 29 27 25 23 21 19 17 15 13 11 9 7 5 3 1 18400 200 200 200 200 200 200 200 200 200 200 200 200 200 200 200 200 200 200 200 200 200 200 200 200 200 200 200 200 200 200
46 1 47 19200
47 31 46 61 59 57 55 53 51 49 45 43 41 39 37 35 33 31 29 27 25 23 21 19 17 15 13 11 9 7 5 3 1 19200 200 200 200 200 200 200 200 200 200 200 200 200 200 200 200 200 200 200 200 200 200 200 200 200 200 200 200 200 200 200
48 1 49 20000
49 31 48 61 59 57 55 53 51 47 45 43 41 39 37 35 33 31 29 27 25 23 21 19 17 15 13 11 9 7 5 3 1 20000 200 200 200 200 200 200 200 200 200 200 200 200 200 200 200 200 200 200 200 200 200 200 200 200 200 200 200 200 200 200
50 1 51 20800
51 31 50 61 59 57 55 53 49 47 45 43 41 39 37 35 33 31 29 27 25 23 21 19 17 15 13 11 9 7 5 3 1 20800 200 200 200 200 200 200 200 200 200 200 200 200 200 200 200 200 200 200 200 200 200 200 200 200 200 200 200 200 200 200
52 1 53 21600
53 31 52 61 59 57 55 51 49 47 45 43 41 39 37 35 33 31 29 27 25 23 21 19 17 15 13 11 9 7 5 3 1 21600 200 200 200 200 200 200 200 200 200 200 200 200 200 200 200 200 200 200 200 200 200 200 200 200 200 200 200 200 200 200
54 1 55 21600
55 30 54 61 59 57 53 51 49 47 45 43 41 39 37 35 33 31 29 27 25 23 21 19 17 15 13 11 9 7 5 3 21600 200 200 200 200 200 200 200 200 200 200 200 200 200 200 200 200 200 200 200 200 200 200 200 200 200 200 200 200 200
56 1 57 21600
57 29 56 61 59 55 53 51 49 47 45 43 41 39 37 35 33 31 29 27 25 23 21 19 17 15 13 11 9 7 5 21600 200 200 200 200 200 200 200 200 200 200 200 200 200 200 200 200 200 200 200 200 200 200 200 200 200 200 200 200
58 1 59 21200
59 28 58 61 57 55 53 51 49 47 45 43 41 39 37 35 33 31 29 27 25 23 21 19 17 15 13 11 9 7 21200 200 200 200 200 200 200 200 200 200 200 200 200 200 200 200 200 200 200 200 200 200 200 200 200 200 200 200
60 1 61 24400
61 31 60 1 3 5 7 9 11 13 15 17 19 21 23 25 27 29 31 33 35 37 39 41 43 45 47 49 51 53 55 57 59 24400 200 200 200 200 200 200 200 200 200 200 200 200 200 200 200 200 200 200 200 200 200 200 200 200 200 200 200 200 200 200
