0 1 1 800
1 2 0 3 800 100
2 1 3 800
3 3 2 5 1 800 100 100
4 1 5 800
5 3 4 7 3 800 100 100
6 1 7 800
7 3 6 9 5 800 100 100
8 1 9 800
9 3 8 11 7 800 100 100
10 1 11 800
11 3 10 13 9 800 100 100
12 1 13 800
13 3 12 15 11 800 100 100
14 1 15 800
15 3 14 17 13 800 100 100
16 1 17 800
17 3 16 19 15 800 100 100
18 1 19 800
19 3 18 21 17 800 100 100
20 1 21 800
21 3 20 23 19 800 100 100
22 1 23 800
23 3 22 25 21 800 100 100
24 1 25 800
25 3 24 27 23 800 100 100
26 1 27 800
27 3 26 29 25 800 100 100
28 1 29 400
29 2 28 27 400 100
