0 1 1 400
1 3 0 3 9 400 100 100
2 1 3 400
3 3 2 1 45 400 100 100
4 1 5 400
5 3 4 7 19 400 100 100
6 1 7 400
7 3 6 5 15 400 100 100
8 1 9 400
9 3 8 1 47 400 100 100
10 1 11 400
11 3 10 13 29 400 100 100
12 1 13 400
13 3 12 11 29 400 100 100
14 1 15 400
15 3 14 7 17 400 100 100
16 1 17 400
17 3 16 15 31 400 100 100
18 1 19 400
19 3 18 5 41 400 100 100
20 1 21 400
21 3 20 23 37 400 100 100
22 1 23 400
23 3 22 21 47 400 100 100
24 1 25 400
25 3 24 27 49 400 100 100
26 1 27 400
27 3 26 25 35 400 100 100
28 1 29 400
29 3 28 11 13 400 100 100
30 1 31 400
31 3 30 17 41 400 100 100
32 1 33 400
33 3 32 35 39 400 100 100
34 1 35 400
35 3 34 27 33 400 100 100
36 1 37 400
37 3 36 21 39 400 100 100
38 1 39 400
39 3 38 33 37 400 100 100
40 1 41 400
41 3 40 19 31 400 100 100
42 1 43 400
43 3 42 45 49 400 100 100
44 1 45 400
45 3 44 3 43 400 100 100
46 1 47 400
47 3 46 9 23 400 100 100
48 1 49 400
49 3 48 25 43 400 100 100
