0 1 1 400
1 3 0 3 19 400 100 100
2 1 3 400
3 3 2 1 29 400 100 100
4 1 5 400
5 3 4 7 17 400 100 100
6 1 7 400
7 3 6 5 15 400 100 100
8 1 9 400
9 3 8 11 13 400 100 100
10 1 11 400
11 3 10 9 13 400 100 100
12 1 13 400
13 3 12 9 11 400 100 100
14 1 15 400
15 3 14 7 19 400 100 100
16 1 17 400
17 3 16 5 29 400 100 100
18 1 19 400
19 3 18 1 15 400 100 100
20 1 21 400
21 3 20 23 27 400 100 100
22 1 23 400
23 3 22 21 25 400 100 100
24 1 25 400
25 3 24 23 27 400 100 100
26 1 27 400
27 3 26 21 25 400 100 100
28 1 29 400
29 3 28 3 17 400 100 100
