0 1 1 5222400
1 10 3 0 19 17 15 13 11 9 7 5 6800 5222400 870400 652800 217600 108800 54400 27200 13600 6800
2 1 3 2611200
3 10 5 2 19 17 15 13 11 9 7 1 6800 2611200 435200 326400 108800 54400 27200 13600 6800 6800
4 1 5 1305600
5 10 7 4 19 17 15 13 11 9 3 1 6800 1305600 217600 163200 54400 27200 13600 6800 6800 6800
6 1 7 652800
7 10 9 6 19 17 15 13 11 5 3 1 6800 652800 108800 81600 27200 13600 6800 6800 6800 13600
8 1 9 326400
9 10 11 8 19 17 15 13 7 5 3 1 6800 326400 54400 40800 13600 6800 6800 6800 13600 27200
10 1 11 163200
11 10 13 10 19 17 15 9 7 5 3 1 6800 163200 27200 20400 6800 6800 6800 13600 27200 54400
12 1 13 81600
13 10 15 12 19 17 11 9 7 5 3 1 6800 81600 13600 10200 6800 6800 13600 27200 54400 108800
14 1 15 34000
15 10 17 14 19 13 11 9 7 5 3 1 6800 34000 6800 6800 6800 13600 27200 54400 108800 217600
16 1 17 3475200
17 10 16 19 15 13 11 9 7 5 3 1 3475200 3400 6800 10200 20400 40800 81600 163200 326400 652800
18 1 19 6950000
19 10 18 17 15 13 11 9 7 5 3 1 6950000 3400 6800 13600 27200 54400 108800 217600 435200 870400
