0 1 1 3488400
1 10 3 0 19 17 15 13 11 9 7 5 3400 3488400 873800 217600 108800 54400 27200 13600 6800 3400
2 1 3 1747600
3 10 5 2 19 17 15 13 11 9 7 1 3400 1747600 442000 108800 54400 27200 13600 6800 3400 3400
4 1 5 877200
5 11 7 4 19 17 15 13 11 9 3 1 21 3400 877200 217600 54400 27200 13600 6800 3400 3400 3400 3400
6 1 7 442000
7 11 9 6 19 17 15 13 11 5 3 1 23 3400 442000 108800 27200 13600 6800 3400 3400 3400 6800 3400
8 1 9 224400
9 11 11 8 19 17 15 13 7 5 3 1 25 3400 224400 54400 13600 6800 3400 3400 3400 6800 13600 3400
10 1 11 115600
11 11 13 10 19 17 15 9 7 5 3 1 27 3400 115600 27200 6800 3400 3400 3400 6800 13600 27200 3400
12 1 13 61200
13 11 15 12 19 17 11 9 7 5 3 1 29 3400 61200 13600 3400 3400 3400 6800 13600 27200 54400 3400
14 1 15 40800
15 11 17 14 19 13 11 9 7 5 3 1 29 6800 40800 6800 3400 3400 6800 13600 27200 54400 108800 3400
16 1 17 34400
17 11 16 19 15 13 11 9 7 5 3 1 29 34400 3400 6800 3400 6800 13600 27200 54400 108800 217600 3400
18 1 19 6997600
19 11 18 17 15 13 11 9 7 5 3 1 21 6997600 3400 6800 13600 27200 54400 108800 217600 442000 873800 6800
20 1 21 41600
21 4 20 19 5 23 41600 6800 3400 6800
22 1 23 41600
23 4 22 21 7 25 41600 6800 3400 6800
24 1 25 41600
25 4 24 23 9 27 41600 6800 3400 6800
26 1 27 41600
27 4 26 25 11 29 41600 6800 3400 6800
28 1 29 55200
29 5 28 27 13 17 15 55200 6800 3400 3400 3400
