0 1 1 1200
1 3 0 7 23 1200 400 400
2 1 3 1200
3 3 2 11 19 1200 400 400
4 1 5 1200
5 3 4 17 27 1200 400 400
6 1 7 2400
7 3 1 6 19 400 2400 400
8 1 9 1200
9 3 8 21 25 1200 400 400
10 1 11 2400
11 3 3 10 15 400 2400 400
12 1 13 1200
13 3 12 15 29 1200 400 400
14 1 15 2400
15 3 11 14 13 400 2400 400
16 1 17 2400
17 3 5 16 21 400 2400 400
18 1 19 2400
19 3 3 18 7 400 2400 400
20 1 21 2400
21 3 9 20 17 400 2400 400
22 1 23 2400
23 3 1 22 27 400 2400 400
24 1 25 2400
25 3 9 24 29 400 2400 400
26 1 27 2400
27 3 5 26 23 400 2400 400
28 1 29 2400
29 3 13 28 25 400 2400 400
