0 1 1 20000
1 25 49 0 47 3 5 7 9 11 13 15 17 19 21 23 25 27 29 31 33 35 37 39 41 43 45 200 20000 500 200 200 200 200 200 200 200 200 200 200 200 200 200 200 200 200 200 200 200 200 200 200
2 1 3 19600
3 25 49 2 45 1 5 7 9 11 13 15 17 19 21 23 25 27 29 31 33 35 37 39 41 43 47 200 19600 500 200 200 200 200 200 200 200 200 200 200 200 200 200 200 200 200 200 200 200 200 200 200
4 1 5 18800
5 25 49 4 43 1 3 7 9 11 13 15 17 19 21 23 25 27 29 31 33 35 37 39 41 45 47 200 18800 500 200 200 200 200 200 200 200 200 200 200 200 200 200 200 200 200 200 200 200 200 200 200
6 1 7 18000
7 25 49 6 41 1 3 5 9 11 13 15 17 19 21 23 25 27 29 31 33 35 37 39 43 45 47 200 18000 500 200 200 200 200 200 200 200 200 200 200 200 200 200 200 200 200 200 200 200 200 200 200
8 1 9 17200
9 25 49 8 39 1 3 5 7 11 13 15 17 19 21 23 25 27 29 31 33 35 37 41 43 45 47 200 17200 500 200 200 200 200 200 200 200 200 200 200 200 200 200 200 200 200 200 200 200 200 200 200
10 1 11 16400
11 25 49 10 37 1 3 5 7 9 13 15 17 19 21 23 25 27 29 31 33 35 39 41 43 45 47 200 16400 500 200 200 200 200 200 200 200 200 200 200 200 200 200 200 200 200 200 200 200 200 200 200
12 1 13 15600
13 25 49 12 35 1 3 5 7 9 11 15 17 19 21 23 25 27 29 31 33 37 39 41 43 45 47 200 15600 500 200 200 200 200 200 200 200 200 200 200 200 200 200 200 200 200 200 200 200 200 200 200
14 1 15 14800
15 25 49 14 33 1 3 5 7 9 11 13 17 19 21 23 25 27 29 31 35 37 39 41 43 45 47 200 14800 500 200 200 200 200 200 200 200 200 200 200 200 200 200 200 200 200 200 200 200 200 200 200
16 1 17 14000
17 25 49 16 31 1 3 5 7 9 11 13 15 19 21 23 25 27 29 33 35 37 39 41 43 45 47 200 14000 500 200 200 200 200 200 200 200 200 200 200 200 200 200 200 200 200 200 200 200 200 200 200
18 1 19 13200
19 25 49 18 29 1 3 5 7 9 11 13 15 17 21 23 25 27 31 33 35 37 39 41 43 45 47 200 13200 500 200 200 200 200 200 200 200 200 200 200 200 200 200 200 200 200 200 200 200 200 200 200
20 1 21 12400
21 25 49 20 27 1 3 5 7 9 11 13 15 17 19 23 25 29 31 33 35 37 39 41 43 45 47 200 12400 500 200 200 200 200 200 200 200 200 200 200 200 200 200 200 200 200 200 200 200 200 200 200
22 1 23 11600
23 25 49 22 25 1 3 5 7 9 11 13 15 17 19 21 27 29 31 33 35 37 39 41 43 45 47 200 11600 500 200 200 200 200 200 200 200 200 200 200 200 200 200 200 200 200 200 200 200 200 200 200
24 1 25 11200
25 25 49 24 23 1 3 5 7 9 11 13 15 17 19 21 27 29 31 33 35 37 39 41 43 45 47 200 11200 500 200 200 200 200 200 200 200 200 200 200 200 200 200 200 200 200 200 200 200 200 200 200
26 1 27 10400
27 25 49 26 21 1 3 5 7 9 11 13 15 17 19 23 25 29 31 33 35 37 39 41 43 45 47 200 10400 500 200 200 200 200 200 200 200 200 200 200 200 200 200 200 200 200 200 200 200 200 200 200
28 1 29 9600
29 25 49 28 19 1 3 5 7 9 11 13 15 17 21 23 25 27 31 33 35 37 39 41 43 45 47 200 9600 500 200 200 200 200 200 200 200 200 200 200 200 200 200 200 200 200 200 200 200 200 200 200
30 1 31 8800
31 25 49 30 17 1 3 5 7 9 11 13 15 19 21 23 25 27 29 33 35 37 39 41 43 45 47 200 8800 500 200 200 200 200 200 200 200 200 200 200 200 200 200 200 200 200 200 200 200 200 200 200
32 1 33 8000
33 25 49 32 15 1 3 5 7 9 11 13 17 19 21 23 25 27 29 31 35 37 39 41 43 45 47 200 8000 500 200 200 200 200 200 200 200 200 200 200 200 200 200 200 200 200 200 200 200 200 200 200
34 1 35 7200
35 25 49 34 13 1 3 5 7 9 11 15 17 19 21 23 25 27 29 31 33 37 39 41 43 45 47 200 7200 500 200 200 200 200 200 200 200 200 200 200 200 200 200 200 200 200 200 200 200 200 200 200
36 1 37 6400
37 25 49 36 11 1 3 5 7 9 13 15 17 19 21 23 25 27 29 31 33 35 39 41 43 45 47 200 6400 500 200 200 200 200 200 200 200 200 200 200 200 200 200 200 200 200 200 200 200 200 200 200
38 1 39 5600
39 25 38 49 9 1 3 5 7 11 13 15 17 19 21 23 25 27 29 31 33 35 37 41 43 45 47 5600 100 500 200 200 200 200 200 200 200 200 200 200 200 200 200 200 200 200 200 200 200 200 200 200
40 1 41 4000
41 24 7 40 1 3 5 9 11 13 15 17 19 21 23 25 27 29 31 33 35 37 39 43 45 47 500 4000 200 200 200 200 200 200 200 200 200 200 200 200 200 200 200 200 200 200 200 200 200 200
42 1 43 3200
43 24 5 42 1 3 7 9 11 13 15 17 19 21 23 25 27 29 31 33 35 37 39 41 45 47 500 3200 200 200 200 200 200 200 200 200 200 200 200 200 200 200 200 200 200 200 200 200 200 200
44 1 45 2400
45 24 3 44 1 5 7 9 11 13 15 17 19 21 23 25 27 29 31 33 35 37 39 41 43 47 500 2400 200 200 200 200 200 200 200 200 200 200 200 200 200 200 200 200 200 200 200 200 200 200
46 1 47 2000
47 24 1 46 3 5 7 9 11 13 15 17 19 21 23 25 27 29 31 33 35 37 39 41 43 45 500 2000 200 200 200 200 200 200 200 200 200 200 200 200 200 200 200 200 200 200 200 200 200 200
48 1 49 800
49 21 48 1 3 5 7 9 11 13 15 17 19 21 23 25 27 29 31 33 35 37 39 800 200 200 200 200 200 200 200 200 200 200 200 200 200 200 200 200 200 200 200 100
