0 1 1 22400
1 29 61 0 59 3 5 7 9 11 13 15 17 19 21 23 25 27 29 31 33 35 37 39 41 43 45 47 49 51 53 200 22400 300 200 200 200 200 200 200 200 200 200 200 200 200 200 200 200 200 200 200 200 200 200 200 200 200 200 200
2 1 3 22800
3 30 61 2 57 1 5 7 9 11 13 15 17 19 21 23 25 27 29 31 33 35 37 39 41 43 45 47 49 51 53 55 200 22800 300 200 200 200 200 200 200 200 200 200 200 200 200 200 200 200 200 200 200 200 200 200 200 200 200 200 200 200
4 1 5 22800
5 30 61 4 55 1 3 7 9 11 13 15 17 19 21 23 25 27 29 31 33 35 37 39 41 43 45 47 49 51 53 57 200 22800 500 200 200 200 200 200 200 200 200 200 200 200 200 200 200 200 200 200 200 200 200 200 200 200 200 200 200 200
6 1 7 22800
7 31 61 6 53 1 3 5 9 11 13 15 17 19 21 23 25 27 29 31 33 35 37 39 41 43 45 47 49 51 55 57 59 200 22800 500 200 200 200 200 200 200 200 200 200 200 200 200 200 200 200 200 200 200 200 200 200 200 200 200 200 200 200 200
8 1 9 22000
9 31 61 8 51 1 3 5 7 11 13 15 17 19 21 23 25 27 29 31 33 35 37 39 41 43 45 47 49 53 55 57 59 200 22000 500 200 200 200 200 200 200 200 200 200 200 200 200 200 200 200 200 200 200 200 200 200 200 200 200 200 200 200 200
10 1 11 21200
11 31 61 10 49 1 3 5 7 9 13 15 17 19 21 23 25 27 29 31 33 35 37 39 41 43 45 47 51 53 55 57 59 200 21200 500 200 200 200 200 200 200 200 200 200 200 200 200 200 200 200 200 200 200 200 200 200 200 200 200 200 200 200 200
12 1 13 20400
13 31 61 12 47 1 3 5 7 9 11 15 17 19 21 23 25 27 29 31 33 35 37 39 41 43 45 49 51 53 55 57 59 200 20400 500 200 200 200 200 200 200 200 200 200 200 200 200 200 200 200 200 200 200 200 200 200 200 200 200 200 200 200 200
14 1 15 19600
15 31 61 14 45 1 3 5 7 9 11 13 17 19 21 23 25 27 29 31 33 35 37 39 41 43 47 49 51 53 55 57 59 200 19600 500 200 200 200 200 200 200 200 200 200 200 200 200 200 200 200 200 200 200 200 200 200 200 200 200 200 200 200 200
16 1 17 18800
17 31 61 16 43 1 3 5 7 9 11 13 15 19 21 23 25 27 29 31 33 35 37 39 41 45 47 49 51 53 55 57 59 200 18800 500 200 200 200 200 200 200 200 200 200 200 200 200 200 200 200 200 200 200 200 200 200 200 200 200 200 200 200 200
18 1 19 18000
19 31 61 18 41 1 3 5 7 9 11 13 15 17 21 23 25 27 29 31 33 35 37 39 43 45 47 49 51 53 55 57 59 200 18000 500 200 200 200 200 200 200 200 200 200 200 200 200 200 200 200 200 200 200 200 200 200 200 200 200 200 200 200 200
20 1 21 17200
21 31 61 20 39 1 3 5 7 9 11 13 15 17 19 23 25 27 29 31 33 35 37 41 43 45 47 49 51 53 55 57 59 200 17200 500 200 200 200 200 200 200 200 200 200 200 200 200 200 200 200 200 200 200 200 200 200 200 200 200 200 200 200 200
22 1 23 16400
23 31 61 22 37 1 3 5 7 9 11 13 15 17 19 21 25 27 29 31 33 35 39 41 43 45 47 49 51 53 55 57 59 200 16400 500 200 200 200 200 200 200 200 200 200 200 200 200 200 200 200 200 200 200 200 200 200 200 200 200 200 200 200 200
24 1 25 15600
25 31 61 24 35 1 3 5 7 9 11 13 15 17 19 21 23 27 29 31 33 37 39 41 43 45 47 49 51 53 55 57 59 200 15600 500 200 200 200 200 200 200 200 200 200 200 200 200 200 200 200 200 200 200 200 200 200 200 200 200 200 200 200 200
26 1 27 14800
27 31 61 26 33 1 3 5 7 9 11 13 15 17 19 21 23 25 29 31 35 37 39 41 43 45 47 49 51 53 55 57 59 200 14800 500 200 200 200 200 200 200 200 200 200 200 200 200 200 200 200 200 200 200 200 200 200 200 200 200 200 200 200 200
28 1 29 14000
29 31 61 28 31 1 3 5 7 9 11 13 15 17 19 21 23 25 27 33 35 37 39 41 43 45 47 49 51 53 55 57 59 200 14000 500 200 200 200 200 200 200 200 200 200 200 200 200 200 200 200 200 200 200 200 200 200 200 200 200 200 200 200 200
30 1 31 13600
31 31 61 30 29 1 3 5 7 9 11 13 15 17 19 21 23 25 27 33 35 37 39 41 43 45 47 49 51 53 55 57 59 200 13600 500 200 200 200 200 200 200 200 200 200 200 200 200 200 200 200 200 200 200 200 200 200 200 200 200 200 200 200 200
32 1 33 12800
33 31 61 32 27 1 3 5 7 9 11 13 15 17 19 21 23 25 29 31 35 37 39 41 43 45 47 49 51 53 55 57 59 200 12800 500 200 200 200 200 200 200 200 200 200 200 200 200 200 200 200 200 200 200 200 200 200 200 200 200 200 200 200 200
34 1 35 12000
35 31 61 34 25 1 3 5 7 9 11 13 15 17 19 21 23 27 29 31 33 37 39 41 43 45 47 49 51 53 55 57 59 200 12000 500 200 200 200 200 200 200 200 200 200 200 200 200 200 200 200 200 200 200 200 200 200 200 200 200 200 200 200 200
36 1 37 11200
37 31 61 36 23 1 3 5 7 9 11 13 15 17 19 21 25 27 29 31 33 35 39 41 43 45 47 49 51 53 55 57 59 200 11200 500 200 200 200 200 200 200 200 200 200 200 200 200 200 200 200 200 200 200 200 200 200 200 200 200 200 200 200 200
38 1 39 10400
39 31 61 38 21 1 3 5 7 9 11 13 15 17 19 23 25 27 29 31 33 35 37 41 43 45 47 49 51 53 55 57 59 200 10400 500 200 200 200 200 200 200 200 200 200 200 200 200 200 200 200 200 200 200 200 200 200 200 200 200 200 200 200 200
40 1 41 9600
41 31 61 40 19 1 3 5 7 9 11 13 15 17 21 23 25 27 29 31 33 35 37 39 43 45 47 49 51 53 55 57 59 200 9600 500 200 200 200 200 200 200 200 200 200 200 200 200 200 200 200 200 200 200 200 200 200 200 200 200 200 200 200 200
42 1 43 8800
43 31 61 42 17 1 3 5 7 9 11 13 15 19 21 23 25 27 29 31 33 35 37 39 41 45 47 49 51 53 55 57 59 200 8800 500 200 200 200 200 200 200 200 200 200 200 200 200 200 200 200 200 200 200 200 200 200 200 200 200 200 200 200 200
44 1 45 8000
45 31 61 44 15 1 3 5 7 9 11 13 17 19 21 23 25 27 29 31 33 35 37 39 41 43 47 49 51 53 55 57 59 200 8000 500 200 200 200 200 200 200 200 200 200 200 200 200 200 200 200 200 200 200 200 200 200 200 200 200 200 200 200 200
46 1 47 7200
47 31 61 46 13 1 3 5 7 9 11 15 17 19 21 23 25 27 29 31 33 35 37 39 41 43 45 49 51 53 55 57 59 200 7200 500 200 200 200 200 200 200 200 200 200 200 200 200 200 200 200 200 200 200 200 200 200 200 200 200 200 200 200 200
48 1 49 6400
49 31 61 48 11 1 3 5 7 9 13 15 17 19 21 23 25 27 29 31 33 35 37 39 41 43 45 47 51 53 55 57 59 200 6400 500 200 200 200 200 200 200 200 200 200 200 200 200 200 200 200 200 200 200 200 200 200 200 200 200 200 200 200 200
50 1 51 5600
51 31 61 50 9 1 3 5 7 11 13 15 17 19 21 23 25 27 29 31 33 35 37 39 41 43 45 47 49 53 55 57 59 200 5600 500 200 200 200 200 200 200 200 200 200 200 200 200 200 200 200 200 200 200 200 200 200 200 200 200 200 200 200 200
52 1 53 4800
53 31 61 52 7 1 3 5 9 11 13 15 17 19 21 23 25 27 29 31 33 35 37 39 41 43 45 47 49 51 55 57 59 200 4800 500 200 200 200 200 200 200 200 200 200 200 200 200 200 200 200 200 200 200 200 200 200 200 200 200 200 200 200 200
54 1 55 4000
55 30 54 61 5 3 7 9 11 13 15 17 19 21 23 25 27 29 31 33 35 37 39 41 43 45 47 49 51 53 57 59 4000 100 500 200 200 200 200 200 200 200 200 200 200 200 200 200 200 200 200 200 200 200 200 200 200 200 200 200 200 200
56 1 57 2400
57 29 3 56 5 7 9 11 13 15 17 19 21 23 25 27 29 31 33 35 37 39 41 43 45 47 49 51 53 55 59 300 2400 200 200 200 200 200 200 200 200 200 200 200 200 200 200 200 200 200 200 200 200 200 200 200 200 200 200 200
58 1 59 2000
59 28 1 58 7 9 11 13 15 17 19 21 23 25 27 29 31 33 35 37 39 41 43 45 47 49 51 53 55 57 300 2000 200 200 200 200 200 200 200 200 200 200 200 200 200 200 200 200 200 200 200 200 200 200 200 200 200 200
60 1 61 800
61 29 60 1 3 5 7 9 11 13 15 17 19 21 23 25 27 29 31 33 35 37 39 41 43 45 47 49 51 53 55 800 200 200 200 200 200 200 200 200 200 200 200 200 200 200 200 200 200 200 200 200 200 200 200 200 200 200 200 100
