0 1 1 12000
1 15 29 0 27 3 5 7 9 11 13 15 17 19 21 23 25 200 12000 500 200 200 200 200 200 200 200 200 200 200 200 200
2 1 3 11600
3 15 29 2 25 1 5 7 9 11 13 15 17 19 21 23 27 200 11600 500 200 200 200 200 200 200 200 200 200 200 200 200
4 1 5 10800
5 15 29 4 23 1 3 7 9 11 13 15 17 19 21 25 27 200 10800 500 200 200 200 200 200 200 200 200 200 200 200 200
6 1 7 10000
7 15 29 6 21 1 3 5 9 11 13 15 17 19 23 25 27 200 10000 500 200 200 200 200 200 200 200 200 200 200 200 200
8 1 9 9200
9 15 29 8 19 1 3 5 7 11 13 15 17 21 23 25 27 200 9200 500 200 200 200 200 200 200 200 200 200 200 200 200
10 1 11 8400
11 15 29 10 17 1 3 5 7 9 13 15 19 21 23 25 27 200 8400 500 200 200 200 200 200 200 200 200 200 200 200 200
12 1 13 7600
13 15 29 12 15 1 3 5 7 9 11 17 19 21 23 25 27 200 7600 500 200 200 200 200 200 200 200 200 200 200 200 200
14 1 15 7200
15 15 29 14 13 1 3 5 7 9 11 17 19 21 23 25 27 200 7200 500 200 200 200 200 200 200 200 200 200 200 200 200
16 1 17 6400
17 15 29 16 11 1 3 5 7 9 13 15 19 21 23 25 27 200 6400 500 200 200 200 200 200 200 200 200 200 200 200 200
18 1 19 5600
19 15 29 18 9 1 3 5 7 11 13 15 17 21 23 25 27 200 5600 500 200 200 200 200 200 200 200 200 200 200 200 200
20 1 21 4800
21 15 29 20 7 1 3 5 9 11 13 15 17 19 23 25 27 200 4800 500 200 200 200 200 200 200 200 200 200 200 200 200
22 1 23 4000
23 15 29 22 5 1 3 7 9 11 13 15 17 19 21 25 27 200 4000 500 200 200 200 200 200 200 200 200 200 200 200 200
24 1 25 3200
25 15 29 24 3 1 5 7 9 11 13 15 17 19 21 23 27 200 3200 500 200 200 200 200 200 200 200 200 200 200 200 200
26 1 27 2800
27 15 26 29 1 3 5 7 9 11 13 15 17 19 21 23 25 2800 100 500 200 200 200 200 200 200 200 200 200 200 200 200
28 1 29 800
29 15 28 1 3 5 7 9 11 13 15 17 19 21 23 25 27 800 200 200 200 200 200 200 200 200 200 200 200 200 200 100
