0 1 1 8000
1 10 19 0 17 3 5 7 9 11 13 15 200 8000 500 200 200 200 200 200 200 200
2 1 3 7600
3 10 19 2 15 1 5 7 9 11 13 17 200 7600 500 200 200 200 200 200 200 200
4 1 5 6800
5 10 19 4 13 1 3 7 9 11 15 17 200 6800 500 200 200 200 200 200 200 200
6 1 7 6000
7 10 19 6 11 1 3 5 9 13 15 17 200 6000 500 200 200 200 200 200 200 200
8 1 9 4400
9 10 19 8 1 3 5 7 11 13 15 17 200 4400 200 200 200 200 200 200 200 200
10 1 11 4800
11 10 19 10 7 1 3 5 9 13 15 17 200 4800 500 200 200 200 200 200 200 200
12 1 13 4000
13 10 19 12 5 1 3 7 9 11 15 17 200 4000 500 200 200 200 200 200 200 200
14 1 15 3200
15 10 19 14 3 1 5 7 9 11 13 17 200 3200 500 200 200 200 200 200 200 200
16 1 17 2800
17 10 19 16 1 3 5 7 9 11 13 15 200 2800 500 200 200 200 200 200 200 200
18 1 19 800
19 10 18 1 3 5 7 9 11 13 15 17 800 200 200 200 200 200 200 200 200 200
