0 1 1 1200
1 15 0 3 5 7 9 11 13 15 17 19 21 23 25 27 29 1200 200 200 200 200 200 200 200 200 200 200 200 200 200 200
2 1 3 2000
3 15 2 1 5 7 9 11 13 15 17 19 21 23 25 27 29 2000 200 200 200 200 200 200 200 200 200 200 200 200 200 200
4 1 5 2000
5 15 4 1 3 7 9 11 13 15 17 19 21 23 25 27 29 2000 200 200 200 200 200 200 200 200 200 200 200 200 200 200
6 1 7 2000
7 15 6 1 3 5 9 11 13 15 17 19 21 23 25 27 29 2000 200 200 200 200 200 200 200 200 200 200 200 200 200 200
8 1 9 2000
9 15 8 1 3 5 7 11 13 15 17 19 21 23 25 27 29 2000 200 200 200 200 200 200 200 200 200 200 200 200 200 200
10 1 11 2000
11 15 10 1 3 5 7 9 13 15 17 19 21 23 25 27 29 2000 200 200 200 200 200 200 200 200 200 200 200 200 200 200
12 1 13 2000
13 15 12 1 3 5 7 9 11 15 17 19 21 23 25 27 29 2000 200 200 200 200 200 200 200 200 200 200 200 200 200 200
14 1 15 2000
15 15 14 1 3 5 7 9 11 13 17 19 21 23 25 27 29 2000 200 200 200 200 200 200 200 200 200 200 200 200 200 200
16 1 17 2000
17 15 16 1 3 5 7 9 11 13 15 19 21 23 25 27 29 2000 200 200 200 200 200 200 200 200 200 200 200 200 200 200
18 1 19 2000
19 15 18 1 3 5 7 9 11 13 15 17 21 23 25 27 29 2000 200 200 200 200 200 200 200 200 200 200 200 200 200 200
20 1 21 2000
21 15 20 1 3 5 7 9 11 13 15 17 19 23 25 27 29 2000 200 200 200 200 200 200 200 200 200 200 200 200 200 200
22 1 23 2000
23 15 22 1 3 5 7 9 11 13 15 17 19 21 25 27 29 2000 200 200 200 200 200 200 200 200 200 200 200 200 200 200
24 1 25 2000
25 15 24 1 3 5 7 9 11 13 15 17 19 21 23 27 29 2000 200 200 200 200 200 200 200 200 200 200 200 200 200 200
26 1 27 2000
27 15 26 1 3 5 7 9 11 13 15 17 19 21 23 25 29 2000 200 200 200 200 200 200 200 200 200 200 200 200 200 200
28 1 29 1200
29 15 28 1 3 5 7 9 11 13 15 17 19 21 23 25 27 1200 200 200 200 200 200 200 200 200 200 200 200 200 200 200
