0 1 1 1200
1 10 0 3 5 7 9 11 13 15 17 19 1200 200 200 200 200 200 200 200 200 200
2 1 3 2000
3 10 2 1 5 7 9 11 13 15 17 19 2000 200 200 200 200 200 200 200 200 200
4 1 5 2000
5 10 4 1 3 7 9 11 13 15 17 19 2000 200 200 200 200 200 200 200 200 200
6 1 7 2000
7 10 6 1 3 5 9 11 13 15 17 19 2000 200 200 200 200 200 200 200 200 200
8 1 9 2000
9 10 8 1 3 5 7 11 13 15 17 19 2000 200 200 200 200 200 200 200 200 200
10 1 11 2000
11 10 10 1 3 5 7 9 13 15 17 19 2000 200 200 200 200 200 200 200 200 200
12 1 13 2000
13 10 12 1 3 5 7 9 11 15 17 19 2000 200 200 200 200 200 200 200 200 200
14 1 15 2000
15 10 14 1 3 5 7 9 11 13 17 19 2000 200 200 200 200 200 200 200 200 200
16 1 17 2000
17 10 16 1 3 5 7 9 11 13 15 19 2000 200 200 200 200 200 200 200 200 200
18 1 19 1200
19 10 18 1 3 5 7 9 11 13 15 17 1200 200 200 200 200 200 200 200 200 200
