0 1 1 800
1 2 0 3 800 200
2 1 3 1600
3 3 2 5 1 1600 200 200
4 1 5 1600
5 3 4 7 3 1600 200 200
6 1 7 1600
7 3 6 9 5 1600 200 200
8 1 9 1600
9 3 8 11 7 1600 200 200
10 1 11 1600
11 3 10 13 9 1600 200 200
12 1 13 1600
13 3 12 15 11 1600 200 200
14 1 15 1600
15 3 14 17 13 1600 200 200
16 1 17 1600
17 3 16 19 15 1600 200 200
18 1 19 1600
19 3 18 21 17 1600 200 200
20 1 21 1600
21 3 20 23 19 1600 200 200
22 1 23 1600
23 3 22 25 21 1600 200 200
24 1 25 1600
25 3 24 27 23 1600 200 200
26 1 27 1600
27 3 26 29 25 1600 200 200
28 1 29 1200
29 2 28 27 1200 200
