0 30 0 1 2 3 4 5 6 7 8 9 10 11 12 13 14 15 16 17 18 19 20 21 22 23 24 25 26 27 28 29 0.1 1200 0.1 0.1 0.1 0.1 0.1 0.1 0.1 0.1 0.1 0.1 0.1 0.1 0.1 0.1 0.1 0.1 0.1 0.1 0.1 0.1 0.1 0.1 0.1 0.1 0.1 0.1 0.1 0.1
1 30 0 1 2 3 4 5 6 7 8 9 10 11 12 13 14 15 16 17 18 19 20 21 22 23 24 25 26 27 28 29 1200 0.1 0.1 200 0.1 200 0.1 200 0.1 200 0.1 200 0.1 200 0.1 200 0.1 200 0.1 200 0.1 200 0.1 200 0.1 200 0.1 200 0.1 200
2 30 0 1 2 3 4 5 6 7 8 9 10 11 12 13 14 15 16 17 18 19 20 21 22 23 24 25 26 27 28 29 0.1 0.1 0.1 1600 0.1 0.1 0.1 0.1 0.1 0.1 0.1 0.1 0.1 0.1 0.1 0.1 0.1 0.1 0.1 0.1 0.1 0.1 0.1 0.1 0.1 0.1 0.1 0.1 0.1 0.1
3 30 0 1 2 3 4 5 6 7 8 9 10 11 12 13 14 15 16 17 18 19 20 21 22 23 24 25 26 27 28 29 0.1 200 1600 0.1 0.1 200 0.1 200 0.1 200 0.1 200 0.1 200 0.1 200 0.1 200 0.1 200 0.1 200 0.1 200 0.1 200 0.1 200 0.1 200
4 30 0 1 2 3 4 5 6 7 8 9 10 11 12 13 14 15 16 17 18 19 20 21 22 23 24 25 26 27 28 29 0.1 0.1 0.1 0.1 0.1 2400 0.1 0.1 0.1 0.1 0.1 0.1 0.1 0.1 0.1 0.1 0.1 0.1 0.1 0.1 0.1 0.1 0.1 0.1 0.1 0.1 0.1 0.1 0.1 0.1
5 30 0 1 2 3 4 5 6 7 8 9 10 11 12 13 14 15 16 17 18 19 20 21 22 23 24 25 26 27 28 29 0.1 200 0.1 200 2400 0.1 0.1 200 0.1 200 0.1 200 0.1 200 0.1 200 0.1 200 0.1 200 0.1 200 0.1 200 0.1 200 0.1 200 0.1 200
6 30 0 1 2 3 4 5 6 7 8 9 10 11 12 13 14 15 16 17 18 19 20 21 22 23 24 25 26 27 28 29 0.1 0.1 0.1 0.1 0.1 0.1 0.1 3200 0.1 0.1 0.1 0.1 0.1 0.1 0.1 0.1 0.1 0.1 0.1 0.1 0.1 0.1 0.1 0.1 0.1 0.1 0.1 0.1 0.1 0.1
7 30 0 1 2 3 4 5 6 7 8 9 10 11 12 13 14 15 16 17 18 19 20 21 22 23 24 25 26 27 28 29 0.1 200 0.1 200 0.1 200 3200 0.1 0.1 200 0.1 200 0.1 200 0.1 200 0.1 200 0.1 200 0.1 200 0.1 200 0.1 200 0.1 200 0.1 200
8 30 0 1 2 3 4 5 6 7 8 9 10 11 12 13 14 15 16 17 18 19 20 21 22 23 24 25 26 27 28 29 0.1 0.1 0.1 0.1 0.1 0.1 0.1 0.1 0.1 4000 0.1 0.1 0.1 0.1 0.1 0.1 0.1 0.1 0.1 0.1 0.1 0.1 0.1 0.1 0.1 0.1 0.1 0.1 0.1 0.1
9 30 0 1 2 3 4 5 6 7 8 9 10 11 12 13 14 15 16 17 18 19 20 21 22 23 24 25 26 27 28 29 0.1 200 0.1 200 0.1 200 0.1 200 4000 0.1 0.1 200 0.1 200 0.1 200 0.1 200 0.1 200 0.1 200 0.1 200 0.1 200 0.1 200 0.1 200
10 30 0 1 2 3 4 5 6 7 8 9 10 11 12 13 14 15 16 17 18 19 20 21 22 23 24 25 26 27 28 29 0.1 0.1 0.1 0.1 0.1 0.1 0.1 0.1 0.1 0.1 0.1 4800 0.1 0.1 0.1 0.1 0.1 0.1 0.1 0.1 0.1 0.1 0.1 0.1 0.1 0.1 0.1 0.1 0.1 0.1
11 30 0 1 2 3 4 5 6 7 8 9 10 11 12 13 14 15 16 17 18 19 20 21 22 23 24 25 26 27 28 29 0.1 200 0.1 200 0.1 200 0.1 200 0.1 200 4800 0.1 0.1 200 0.1 200 0.1 200 0.1 200 0.1 200 0.1 200 0.1 200 0.1 200 0.1 200
12 30 0 1 2 3 4 5 6 7 8 9 10 11 12 13 14 15 16 17 18 19 20 21 22 23 24 25 26 27 28 29 0.1 0.1 0.1 0.1 0.1 0.1 0.1 0.1 0.1 0.1 0.1 0.1 0.1 5600 0.1 0.1 0.1 0.1 0.1 0.1 0.1 0.1 0.1 0.1 0.1 0.1 0.1 0.1 0.1 0.1
13 30 0 1 2 3 4 5 6 7 8 9 10 11 12 13 14 15 16 17 18 19 20 21 22 23 24 25 26 27 28 29 0.1 200 0.1 200 0.1 200 0.1 200 0.1 200 0.1 200 5600 0.1 0.1 200 0.1 200 0.1 200 0.1 200 0.1 200 0.1 200 0.1 200 0.1 200
14 30 0 1 2 3 4 5 6 7 8 9 10 11 12 13 14 15 16 17 18 19 20 21 22 23 24 25 26 27 28 29 0.1 0.1 0.1 0.1 0.1 0.1 0.1 0.1 0.1 0.1 0.1 0.1 0.1 0.1 0.1 6400 0.1 0.1 0.1 0.1 0.1 0.1 0.1 0.1 0.1 0.1 0.1 0.1 0.1 0.1
15 30 0 1 2 3 4 5 6 7 8 9 10 11 12 13 14 15 16 17 18 19 20 21 22 23 24 25 26 27 28 29 0.1 200 0.1 200 0.1 200 0.1 200 0.1 200 0.1 200 0.1 200 6400 0.1 0.1 200 0.1 200 0.1 200 0.1 200 0.1 200 0.1 200 0.1 200
16 30 0 1 2 3 4 5 6 7 8 9 10 11 12 13 14 15 16 17 18 19 20 21 22 23 24 25 26 27 28 29 0.1 0.1 0.1 0.1 0.1 0.1 0.1 0.1 0.1 0.1 0.1 0.1 0.1 0.1 0.1 0.1 0.1 7200 0.1 0.1 0.1 0.1 0.1 0.1 0.1 0.1 0.1 0.1 0.1 0.1
17 30 0 1 2 3 4 5 6 7 8 9 10 11 12 13 14 15 16 17 18 19 20 21 22 23 24 25 26 27 28 29 0.1 200 0.1 200 0.1 200 0.1 200 0.1 200 0.1 200 0.1 200 0.1 200 7200 0.1 0.1 200 0.1 200 0.1 200 0.1 200 0.1 200 0.1 200
18 30 0 1 2 3 4 5 6 7 8 9 10 11 12 13 14 15 16 17 18 19 20 21 22 23 24 25 26 27 28 29 0.1 0.1 0.1 0.1 0.1 0.1 0.1 0.1 0.1 0.1 0.1 0.1 0.1 0.1 0.1 0.1 0.1 0.1 0.1 8000 0.1 0.1 0.1 0.1 0.1 0.1 0.1 0.1 0.1 0.1
19 30 0 1 2 3 4 5 6 7 8 9 10 11 12 13 14 15 16 17 18 19 20 21 22 23 24 25 26 27 28 29 0.1 200 0.1 200 0.1 200 0.1 200 0.1 200 0.1 200 0.1 200 0.1 200 0.1 200 8000 0.1 0.1 200 0.1 200 0.1 200 0.1 200 0.1 200
20 30 0 1 2 3 4 5 6 7 8 9 10 11 12 13 14 15 16 17 18 19 20 21 22 23 24 25 26 27 28 29 0.1 0.1 0.1 0.1 0.1 0.1 0.1 0.1 0.1 0.1 0.1 0.1 0.1 0.1 0.1 0.1 0.1 0.1 0.1 0.1 0.1 8800 0.1 0.1 0.1 0.1 0.1 0.1 0.1 0.1
21 30 0 1 2 3 4 5 6 7 8 9 10 11 12 13 14 15 16 17 18 19 20 21 22 23 24 25 26 27 28 29 0.1 200 0.1 200 0.1 200 0.1 200 0.1 200 0.1 200 0.1 200 0.1 200 0.1 200 0.1 200 8800 0.1 0.1 200 0.1 200 0.1 200 0.1 200
22 30 0 1 2 3 4 5 6 7 8 9 10 11 12 13 14 15 16 17 18 19 20 21 22 23 24 25 26 27 28 29 0.1 0.1 0.1 0.1 0.1 0.1 0.1 0.1 0.1 0.1 0.1 0.1 0.1 0.1 0.1 0.1 0.1 0.1 0.1 0.1 0.1 0.1 0.1 9600 0.1 0.1 0.1 0.1 0.1 0.1
23 30 0 1 2 3 4 5 6 7 8 9 10 11 12 13 14 15 16 17 18 19 20 21 22 23 24 25 26 27 28 29 0.1 200 0.1 200 0.1 200 0.1 200 0.1 200 0.1 200 0.1 200 0.1 200 0.1 200 0.1 200 0.1 200 9600 0.1 0.1 200 0.1 200 0.1 200
24 30 0 1 2 3 4 5 6 7 8 9 10 11 12 13 14 15 16 17 18 19 20 21 22 23 24 25 26 27 28 29 0.1 0.1 0.1 0.1 0.1 0.1 0.1 0.1 0.1 0.1 0.1 0.1 0.1 0.1 0.1 0.1 0.1 0.1 0.1 0.1 0.1 0.1 0.1 0.1 0.1 10400 0.1 0.1 0.1 0.1
25 30 0 1 2 3 4 5 6 7 8 9 10 11 12 13 14 15 16 17 18 19 20 21 22 23 24 25 26 27 28 29 0.1 200 0.1 200 0.1 200 0.1 200 0.1 200 0.1 200 0.1 200 0.1 200 0.1 200 0.1 200 0.1 200 0.1 200 10400 0.1 0.1 200 0.1 200
26 30 0 1 2 3 4 5 6 7 8 9 10 11 12 13 14 15 16 17 18 19 20 21 22 23 24 25 26 27 28 29 0.1 0.1 0.1 0.1 0.1 0.1 0.1 0.1 0.1 0.1 0.1 0.1 0.1 0.1 0.1 0.1 0.1 0.1 0.1 0.1 0.1 0.1 0.1 0.1 0.1 0.1 0.1 10800 0.1 0.1
27 30 0 1 2 3 4 5 6 7 8 9 10 11 12 13 14 15 16 17 18 19 20 21 22 23 24 25 26 27 28 29 0.1 200 0.1 200 0.1 200 0.1 200 0.1 200 0.1 200 0.1 200 0.1 200 0.1 200 0.1 200 0.1 200 0.1 200 0.1 200 10800 0.1 0.1 200
28 30 0 1 2 3 4 5 6 7 8 9 10 11 12 13 14 15 16 17 18 19 20 21 22 23 24 25 26 27 28 29 0.1 0.1 0.1 0.1 0.1 0.1 0.1 0.1 0.1 0.1 0.1 0.1 0.1 0.1 0.1 0.1 0.1 0.1 0.1 0.1 0.1 0.1 0.1 0.1 0.1 0.1 0.1 0.1 0.1 11600
29 30 0 1 2 3 4 5 6 7 8 9 10 11 12 13 14 15 16 17 18 19 20 21 22 23 24 25 26 27 28 29 0.1 200 0.1 200 0.1 200 0.1 200 0.1 200 0.1 200 0.1 200 0.1 200 0.1 200 0.1 200 0.1 200 0.1 200 0.1 200 0.1 200 11600 0.1
