0 20 0 1 2 3 4 5 6 7 8 9 10 11 12 13 14 15 16 17 18 19 0.1 5222400 0.1 0.1 0.1 0.1 0.1 0.1 0.1 0.1 0.1 0.1 0.1 0.1 0.1 0.1 0.1 0.1 0.1 0.1
1 20 0 1 2 3 4 5 6 7 8 9 10 11 12 13 14 15 16 17 18 19 5222400 0.1 0.1 6800 0.1 6800 0.1 13600 0.1 27200 0.1 54400 0.1 108800 0.1 217600 0.1 652800 0.1 870400
2 20 0 1 2 3 4 5 6 7 8 9 10 11 12 13 14 15 16 17 18 19 0.1 0.1 0.1 2611200 0.1 0.1 0.1 0.1 0.1 0.1 0.1 0.1 0.1 0.1 0.1 0.1 0.1 0.1 0.1 0.1
3 20 0 1 2 3 4 5 6 7 8 9 10 11 12 13 14 15 16 17 18 19 0.1 6800 2611200 0.1 0.1 6800 0.1 6800 0.1 13600 0.1 27200 0.1 54400 0.1 108800 0.1 326400 0.1 435200
4 20 0 1 2 3 4 5 6 7 8 9 10 11 12 13 14 15 16 17 18 19 0.1 0.1 0.1 0.1 0.1 1305600 0.1 0.1 0.1 0.1 0.1 0.1 0.1 0.1 0.1 0.1 0.1 0.1 0.1 0.1
5 20 0 1 2 3 4 5 6 7 8 9 10 11 12 13 14 15 16 17 18 19 0.1 6800 0.1 6800 1305600 0.1 0.1 6800 0.1 6800 0.1 13600 0.1 27200 0.1 54400 0.1 163200 0.1 217600
6 20 0 1 2 3 4 5 6 7 8 9 10 11 12 13 14 15 16 17 18 19 0.1 0.1 0.1 0.1 0.1 0.1 0.1 652800 0.1 0.1 0.1 0.1 0.1 0.1 0.1 0.1 0.1 0.1 0.1 0.1
7 20 0 1 2 3 4 5 6 7 8 9 10 11 12 13 14 15 16 17 18 19 0.1 13600 0.1 6800 0.1 6800 652800 0.1 0.1 6800 0.1 6800 0.1 13600 0.1 27200 0.1 81600 0.1 108800
8 20 0 1 2 3 4 5 6 7 8 9 10 11 12 13 14 15 16 17 18 19 0.1 0.1 0.1 0.1 0.1 0.1 0.1 0.1 0.1 326400 0.1 0.1 0.1 0.1 0.1 0.1 0.1 0.1 0.1 0.1
9 20 0 1 2 3 4 5 6 7 8 9 10 11 12 13 14 15 16 17 18 19 0.1 27200 0.1 13600 0.1 6800 0.1 6800 326400 0.1 0.1 6800 0.1 6800 0.1 13600 0.1 40800 0.1 54400
10 20 0 1 2 3 4 5 6 7 8 9 10 11 12 13 14 15 16 17 18 19 0.1 0.1 0.1 0.1 0.1 0.1 0.1 0.1 0.1 0.1 0.1 163200 0.1 0.1 0.1 0.1 0.1 0.1 0.1 0.1
11 20 0 1 2 3 4 5 6 7 8 9 10 11 12 13 14 15 16 17 18 19 0.1 54400 0.1 27200 0.1 13600 0.1 6800 0.1 6800 163200 0.1 0.1 6800 0.1 6800 0.1 20400 0.1 27200
12 20 0 1 2 3 4 5 6 7 8 9 10 11 12 13 14 15 16 17 18 19 0.1 0.1 0.1 0.1 0.1 0.1 0.1 0.1 0.1 0.1 0.1 0.1 0.1 81600 0.1 0.1 0.1 0.1 0.1 0.1
13 20 0 1 2 3 4 5 6 7 8 9 10 11 12 13 14 15 16 17 18 19 0.1 108800 0.1 54400 0.1 27200 0.1 13600 0.1 6800 0.1 6800 81600 0.1 0.1 6800 0.1 10200 0.1 13600
14 20 0 1 2 3 4 5 6 7 8 9 10 11 12 13 14 15 16 17 18 19 0.1 0.1 0.1 0.1 0.1 0.1 0.1 0.1 0.1 0.1 0.1 0.1 0.1 0.1 0.1 34000 0.1 0.1 0.1 0.1
15 20 0 1 2 3 4 5 6 7 8 9 10 11 12 13 14 15 16 17 18 19 0.1 217600 0.1 108800 0.1 54400 0.1 27200 0.1 13600 0.1 6800 0.1 6800 34000 0.1 0.1 6800 0.1 6800
16 20 0 1 2 3 4 5 6 7 8 9 10 11 12 13 14 15 16 17 18 19 0.1 0.1 0.1 0.1 0.1 0.1 0.1 0.1 0.1 0.1 0.1 0.1 0.1 0.1 0.1 0.1 0.1 3475200 0.1 0.1
17 20 0 1 2 3 4 5 6 7 8 9 10 11 12 13 14 15 16 17 18 19 0.1 652800 0.1 326400 0.1 163200 0.1 81600 0.1 40800 0.1 20400 0.1 10200 0.1 6800 3475200 0.1 0.1 3400
18 20 0 1 2 3 4 5 6 7 8 9 10 11 12 13 14 15 16 17 18 19 0.1 0.1 0.1 0.1 0.1 0.1 0.1 0.1 0.1 0.1 0.1 0.1 0.1 0.1 0.1 0.1 0.1 0.1 0.1 6950000
19 20 0 1 2 3 4 5 6 7 8 9 10 11 12 13 14 15 16 17 18 19 0.1 870400 0.1 435200 0.1 217600 0.1 108800 0.1 54400 0.1 27200 0.1 13600 0.1 6800 0.1 3400 6950000 0.1
