0 30 0 1 2 3 4 5 6 7 8 9 10 11 12 13 14 15 16 17 18 19 20 21 22 23 24 25 26 27 28 29 0.1 3488400 0.1 0.1 0.1 0.1 0.1 0.1 0.1 0.1 0.1 0.1 0.1 0.1 0.1 0.1 0.1 0.1 0.1 0.1 0.1 0.1 0.1 0.1 0.1 0.1 0.1 0.1 0.1 0.1
1 30 0 1 2 3 4 5 6 7 8 9 10 11 12 13 14 15 16 17 18 19 20 21 22 23 24 25 26 27 28 29 3488400 0.1 0.1 3400 0.1 3400 0.1 6800 0.1 13600 0.1 27200 0.1 54400 0.1 108800 0.1 217600 0.1 873800 0.1 0.1 0.1 0.1 0.1 0.1 0.1 0.1 0.1 0.1
2 30 0 1 2 3 4 5 6 7 8 9 10 11 12 13 14 15 16 17 18 19 20 21 22 23 24 25 26 27 28 29 0.1 0.1 0.1 1747600 0.1 0.1 0.1 0.1 0.1 0.1 0.1 0.1 0.1 0.1 0.1 0.1 0.1 0.1 0.1 0.1 0.1 0.1 0.1 0.1 0.1 0.1 0.1 0.1 0.1 0.1
3 30 0 1 2 3 4 5 6 7 8 9 10 11 12 13 14 15 16 17 18 19 20 21 22 23 24 25 26 27 28 29 0.1 3400 1747600 0.1 0.1 3400 0.1 3400 0.1 6800 0.1 13600 0.1 27200 0.1 54400 0.1 108800 0.1 442000 0.1 0.1 0.1 0.1 0.1 0.1 0.1 0.1 0.1 0.1
4 30 0 1 2 3 4 5 6 7 8 9 10 11 12 13 14 15 16 17 18 19 20 21 22 23 24 25 26 27 28 29 0.1 0.1 0.1 0.1 0.1 877200 0.1 0.1 0.1 0.1 0.1 0.1 0.1 0.1 0.1 0.1 0.1 0.1 0.1 0.1 0.1 0.1 0.1 0.1 0.1 0.1 0.1 0.1 0.1 0.1
5 30 0 1 2 3 4 5 6 7 8 9 10 11 12 13 14 15 16 17 18 19 20 21 22 23 24 25 26 27 28 29 0.1 3400 0.1 3400 877200 0.1 0.1 3400 0.1 3400 0.1 6800 0.1 13600 0.1 27200 0.1 54400 0.1 217600 0.1 3400 0.1 0.1 0.1 0.1 0.1 0.1 0.1 0.1
6 30 0 1 2 3 4 5 6 7 8 9 10 11 12 13 14 15 16 17 18 19 20 21 22 23 24 25 26 27 28 29 0.1 0.1 0.1 0.1 0.1 0.1 0.1 442000 0.1 0.1 0.1 0.1 0.1 0.1 0.1 0.1 0.1 0.1 0.1 0.1 0.1 0.1 0.1 0.1 0.1 0.1 0.1 0.1 0.1 0.1
7 30 0 1 2 3 4 5 6 7 8 9 10 11 12 13 14 15 16 17 18 19 20 21 22 23 24 25 26 27 28 29 0.1 6800 0.1 3400 0.1 3400 442000 0.1 0.1 3400 0.1 3400 0.1 6800 0.1 13600 0.1 27200 0.1 108800 0.1 0.1 0.1 3400 0.1 0.1 0.1 0.1 0.1 0.1
8 30 0 1 2 3 4 5 6 7 8 9 10 11 12 13 14 15 16 17 18 19 20 21 22 23 24 25 26 27 28 29 0.1 0.1 0.1 0.1 0.1 0.1 0.1 0.1 0.1 224400 0.1 0.1 0.1 0.1 0.1 0.1 0.1 0.1 0.1 0.1 0.1 0.1 0.1 0.1 0.1 0.1 0.1 0.1 0.1 0.1
9 30 0 1 2 3 4 5 6 7 8 9 10 11 12 13 14 15 16 17 18 19 20 21 22 23 24 25 26 27 28 29 0.1 13600 0.1 6800 0.1 3400 0.1 3400 224400 0.1 0.1 3400 0.1 3400 0.1 6800 0.1 13600 0.1 54400 0.1 0.1 0.1 0.1 0.1 3400 0.1 0.1 0.1 0.1
10 30 0 1 2 3 4 5 6 7 8 9 10 11 12 13 14 15 16 17 18 19 20 21 22 23 24 25 26 27 28 29 0.1 0.1 0.1 0.1 0.1 0.1 0.1 0.1 0.1 0.1 0.1 115600 0.1 0.1 0.1 0.1 0.1 0.1 0.1 0.1 0.1 0.1 0.1 0.1 0.1 0.1 0.1 0.1 0.1 0.1
11 30 0 1 2 3 4 5 6 7 8 9 10 11 12 13 14 15 16 17 18 19 20 21 22 23 24 25 26 27 28 29 0.1 27200 0.1 13600 0.1 6800 0.1 3400 0.1 3400 115600 0.1 0.1 3400 0.1 3400 0.1 6800 0.1 27200 0.1 0.1 0.1 0.1 0.1 0.1 0.1 3400 0.1 0.1
12 30 0 1 2 3 4 5 6 7 8 9 10 11 12 13 14 15 16 17 18 19 20 21 22 23 24 25 26 27 28 29 0.1 0.1 0.1 0.1 0.1 0.1 0.1 0.1 0.1 0.1 0.1 0.1 0.1 61200 0.1 0.1 0.1 0.1 0.1 0.1 0.1 0.1 0.1 0.1 0.1 0.1 0.1 0.1 0.1 0.1
13 30 0 1 2 3 4 5 6 7 8 9 10 11 12 13 14 15 16 17 18 19 20 21 22 23 24 25 26 27 28 29 0.1 54400 0.1 27200 0.1 13600 0.1 6800 0.1 3400 0.1 3400 61200 0.1 0.1 3400 0.1 3400 0.1 13600 0.1 0.1 0.1 0.1 0.1 0.1 0.1 0.1 0.1 3400
14 30 0 1 2 3 4 5 6 7 8 9 10 11 12 13 14 15 16 17 18 19 20 21 22 23 24 25 26 27 28 29 0.1 0.1 0.1 0.1 0.1 0.1 0.1 0.1 0.1 0.1 0.1 0.1 0.1 0.1 0.1 40800 0.1 0.1 0.1 0.1 0.1 0.1 0.1 0.1 0.1 0.1 0.1 0.1 0.1 0.1
15 30 0 1 2 3 4 5 6 7 8 9 10 11 12 13 14 15 16 17 18 19 20 21 22 23 24 25 26 27 28 29 0.1 108800 0.1 54400 0.1 27200 0.1 13600 0.1 6800 0.1 3400 0.1 3400 40800 0.1 0.1 6800 0.1 6800 0.1 0.1 0.1 0.1 0.1 0.1 0.1 0.1 0.1 3400
16 30 0 1 2 3 4 5 6 7 8 9 10 11 12 13 14 15 16 17 18 19 20 21 22 23 24 25 26 27 28 29 0.1 0.1 0.1 0.1 0.1 0.1 0.1 0.1 0.1 0.1 0.1 0.1 0.1 0.1 0.1 0.1 0.1 34400 0.1 0.1 0.1 0.1 0.1 0.1 0.1 0.1 0.1 0.1 0.1 0.1
17 30 0 1 2 3 4 5 6 7 8 9 10 11 12 13 14 15 16 17 18 19 20 21 22 23 24 25 26 27 28 29 0.1 217600 0.1 108800 0.1 54400 0.1 27200 0.1 13600 0.1 6800 0.1 3400 0.1 6800 34400 0.1 0.1 3400 0.1 0.1 0.1 0.1 0.1 0.1 0.1 0.1 0.1 3400
18 30 0 1 2 3 4 5 6 7 8 9 10 11 12 13 14 15 16 17 18 19 20 21 22 23 24 25 26 27 28 29 0.1 0.1 0.1 0.1 0.1 0.1 0.1 0.1 0.1 0.1 0.1 0.1 0.1 0.1 0.1 0.1 0.1 0.1 0.1 6997600 0.1 0.1 0.1 0.1 0.1 0.1 0.1 0.1 0.1 0.1
19 30 0 1 2 3 4 5 6 7 8 9 10 11 12 13 14 15 16 17 18 19 20 21 22 23 24 25 26 27 28 29 0.1 873800 0.1 442000 0.1 217600 0.1 108800 0.1 54400 0.1 27200 0.1 13600 0.1 6800 0.1 3400 6997600 0.1 0.1 6800 0.1 0.1 0.1 0.1 0.1 0.1 0.1 0.1
20 30 0 1 2 3 4 5 6 7 8 9 10 11 12 13 14 15 16 17 18 19 20 21 22 23 24 25 26 27 28 29 0.1 0.1 0.1 0.1 0.1 0.1 0.1 0.1 0.1 0.1 0.1 0.1 0.1 0.1 0.1 0.1 0.1 0.1 0.1 0.1 0.1 41600 0.1 0.1 0.1 0.1 0.1 0.1 0.1 0.1
21 30 0 1 2 3 4 5 6 7 8 9 10 11 12 13 14 15 16 17 18 19 20 21 22 23 24 25 26 27 28 29 0.1 0.1 0.1 0.1 0.1 3400 0.1 0.1 0.1 0.1 0.1 0.1 0.1 0.1 0.1 0.1 0.1 0.1 0.1 6800 41600 0.1 0.1 6800 0.1 0.1 0.1 0.1 0.1 0.1
22 30 0 1 2 3 4 5 6 7 8 9 10 11 12 13 14 15 16 17 18 19 20 21 22 23 24 25 26 27 28 29 0.1 0.1 0.1 0.1 0.1 0.1 0.1 0.1 0.1 0.1 0.1 0.1 0.1 0.1 0.1 0.1 0.1 0.1 0.1 0.1 0.1 0.1 0.1 41600 0.1 0.1 0.1 0.1 0.1 0.1
23 30 0 1 2 3 4 5 6 7 8 9 10 11 12 13 14 15 16 17 18 19 20 21 22 23 24 25 26 27 28 29 0.1 0.1 0.1 0.1 0.1 0.1 0.1 3400 0.1 0.1 0.1 0.1 0.1 0.1 0.1 0.1 0.1 0.1 0.1 0.1 0.1 6800 41600 0.1 0.1 6800 0.1 0.1 0.1 0.1
24 30 0 1 2 3 4 5 6 7 8 9 10 11 12 13 14 15 16 17 18 19 20 21 22 23 24 25 26 27 28 29 0.1 0.1 0.1 0.1 0.1 0.1 0.1 0.1 0.1 0.1 0.1 0.1 0.1 0.1 0.1 0.1 0.1 0.1 0.1 0.1 0.1 0.1 0.1 0.1 0.1 41600 0.1 0.1 0.1 0.1
25 30 0 1 2 3 4 5 6 7 8 9 10 11 12 13 14 15 16 17 18 19 20 21 22 23 24 25 26 27 28 29 0.1 0.1 0.1 0.1 0.1 0.1 0.1 0.1 0.1 3400 0.1 0.1 0.1 0.1 0.1 0.1 0.1 0.1 0.1 0.1 0.1 0.1 0.1 6800 41600 0.1 0.1 6800 0.1 0.1
26 30 0 1 2 3 4 5 6 7 8 9 10 11 12 13 14 15 16 17 18 19 20 21 22 23 24 25 26 27 28 29 0.1 0.1 0.1 0.1 0.1 0.1 0.1 0.1 0.1 0.1 0.1 0.1 0.1 0.1 0.1 0.1 0.1 0.1 0.1 0.1 0.1 0.1 0.1 0.1 0.1 0.1 0.1 41600 0.1 0.1
27 30 0 1 2 3 4 5 6 7 8 9 10 11 12 13 14 15 16 17 18 19 20 21 22 23 24 25 26 27 28 29 0.1 0.1 0.1 0.1 0.1 0.1 0.1 0.1 0.1 0.1 0.1 3400 0.1 0.1 0.1 0.1 0.1 0.1 0.1 0.1 0.1 0.1 0.1 0.1 0.1 6800 41600 0.1 0.1 6800
28 30 0 1 2 3 4 5 6 7 8 9 10 11 12 13 14 15 16 17 18 19 20 21 22 23 24 25 26 27 28 29 0.1 0.1 0.1 0.1 0.1 0.1 0.1 0.1 0.1 0.1 0.1 0.1 0.1 0.1 0.1 0.1 0.1 0.1 0.1 0.1 0.1 0.1 0.1 0.1 0.1 0.1 0.1 0.1 0.1 55200
29 30 0 1 2 3 4 5 6 7 8 9 10 11 12 13 14 15 16 17 18 19 20 21 22 23 24 25 26 27 28 29 0.1 0.1 0.1 0.1 0.1 0.1 0.1 0.1 0.1 0.1 0.1 0.1 0.1 3400 0.1 3400 0.1 3400 0.1 0.1 0.1 0.1 0.1 0.1 0.1 0.1 0.1 6800 55200 0.1
