0 20 0 1 2 3 4 5 6 7 8 9 10 11 12 13 14 15 16 17 18 19 0.1 1200 0.1 0.1 0.1 0.1 0.1 0.1 0.1 0.1 0.1 0.1 0.1 0.1 0.1 0.1 0.1 0.1 0.1 0.1
1 20 0 1 2 3 4 5 6 7 8 9 10 11 12 13 14 15 16 17 18 19 1200 0.1 0.1 400 0.1 0.1 0.1 0.1 0.1 0.1 0.1 0.1 0.1 400 0.1 0.1 0.1 0.1 0.1 0.1
2 20 0 1 2 3 4 5 6 7 8 9 10 11 12 13 14 15 16 17 18 19 0.1 0.1 0.1 2400 0.1 0.1 0.1 0.1 0.1 0.1 0.1 0.1 0.1 0.1 0.1 0.1 0.1 0.1 0.1 0.1
3 20 0 1 2 3 4 5 6 7 8 9 10 11 12 13 14 15 16 17 18 19 0.1 400 2400 0.1 0.1 0.1 0.1 400 0.1 0.1 0.1 0.1 0.1 0.1 0.1 0.1 0.1 0.1 0.1 0.1
4 20 0 1 2 3 4 5 6 7 8 9 10 11 12 13 14 15 16 17 18 19 0.1 0.1 0.1 0.1 0.1 1200 0.1 0.1 0.1 0.1 0.1 0.1 0.1 0.1 0.1 0.1 0.1 0.1 0.1 0.1
5 20 0 1 2 3 4 5 6 7 8 9 10 11 12 13 14 15 16 17 18 19 0.1 0.1 0.1 0.1 1200 0.1 0.1 0.1 0.1 0.1 0.1 0.1 0.1 400 0.1 0.1 0.1 400 0.1 0.1
6 20 0 1 2 3 4 5 6 7 8 9 10 11 12 13 14 15 16 17 18 19 0.1 0.1 0.1 0.1 0.1 0.1 0.1 2400 0.1 0.1 0.1 0.1 0.1 0.1 0.1 0.1 0.1 0.1 0.1 0.1
7 20 0 1 2 3 4 5 6 7 8 9 10 11 12 13 14 15 16 17 18 19 0.1 0.1 0.1 400 0.1 0.1 2400 0.1 0.1 400 0.1 0.1 0.1 0.1 0.1 0.1 0.1 0.1 0.1 0.1
8 20 0 1 2 3 4 5 6 7 8 9 10 11 12 13 14 15 16 17 18 19 0.1 0.1 0.1 0.1 0.1 0.1 0.1 0.1 0.1 2400 0.1 0.1 0.1 0.1 0.1 0.1 0.1 0.1 0.1 0.1
9 20 0 1 2 3 4 5 6 7 8 9 10 11 12 13 14 15 16 17 18 19 0.1 0.1 0.1 0.1 0.1 0.1 0.1 400 2400 0.1 0.1 0.1 0.1 0.1 0.1 0.1 0.1 400 0.1 0.1
10 20 0 1 2 3 4 5 6 7 8 9 10 11 12 13 14 15 16 17 18 19 0.1 0.1 0.1 0.1 0.1 0.1 0.1 0.1 0.1 0.1 0.1 1200 0.1 0.1 0.1 0.1 0.1 0.1 0.1 0.1
11 20 0 1 2 3 4 5 6 7 8 9 10 11 12 13 14 15 16 17 18 19 0.1 0.1 0.1 0.1 0.1 0.1 0.1 0.1 0.1 0.1 1200 0.1 0.1 0.1 0.1 400 0.1 0.1 0.1 400
12 20 0 1 2 3 4 5 6 7 8 9 10 11 12 13 14 15 16 17 18 19 0.1 0.1 0.1 0.1 0.1 0.1 0.1 0.1 0.1 0.1 0.1 0.1 0.1 2400 0.1 0.1 0.1 0.1 0.1 0.1
13 20 0 1 2 3 4 5 6 7 8 9 10 11 12 13 14 15 16 17 18 19 0.1 400 0.1 0.1 0.1 400 0.1 0.1 0.1 0.1 0.1 0.1 2400 0.1 0.1 0.1 0.1 0.1 0.1 0.1
14 20 0 1 2 3 4 5 6 7 8 9 10 11 12 13 14 15 16 17 18 19 0.1 0.1 0.1 0.1 0.1 0.1 0.1 0.1 0.1 0.1 0.1 0.1 0.1 0.1 0.1 2400 0.1 0.1 0.1 0.1
15 20 0 1 2 3 4 5 6 7 8 9 10 11 12 13 14 15 16 17 18 19 0.1 0.1 0.1 0.1 0.1 0.1 0.1 0.1 0.1 0.1 0.1 400 0.1 0.1 2400 0.1 0.1 0.1 0.1 400
16 20 0 1 2 3 4 5 6 7 8 9 10 11 12 13 14 15 16 17 18 19 0.1 0.1 0.1 0.1 0.1 0.1 0.1 0.1 0.1 0.1 0.1 0.1 0.1 0.1 0.1 0.1 0.1 2400 0.1 0.1
17 20 0 1 2 3 4 5 6 7 8 9 10 11 12 13 14 15 16 17 18 19 0.1 0.1 0.1 0.1 0.1 400 0.1 0.1 0.1 400 0.1 0.1 0.1 0.1 0.1 0.1 2400 0.1 0.1 0.1
18 20 0 1 2 3 4 5 6 7 8 9 10 11 12 13 14 15 16 17 18 19 0.1 0.1 0.1 0.1 0.1 0.1 0.1 0.1 0.1 0.1 0.1 0.1 0.1 0.1 0.1 0.1 0.1 0.1 0.1 2400
19 20 0 1 2 3 4 5 6 7 8 9 10 11 12 13 14 15 16 17 18 19 0.1 0.1 0.1 0.1 0.1 0.1 0.1 0.1 0.1 0.1 0.1 400 0.1 0.1 0.1 400 0.1 0.1 2400 0.1
