0 20 0 1 2 3 4 5 6 7 8 9 10 11 12 13 14 15 16 17 18 19 0.1 1200 0.1 0.1 0.1 0.1 0.1 0.1 0.1 0.1 0.1 0.1 0.1 0.1 0.1 0.1 0.1 0.1 0.1 0.1
1 20 0 1 2 3 4 5 6 7 8 9 10 11 12 13 14 15 16 17 18 19 1200 0.1 0.1 200 0.1 200 0.1 200 0.1 200 0.1 200 0.1 200 0.1 200 0.1 200 0.1 200
2 20 0 1 2 3 4 5 6 7 8 9 10 11 12 13 14 15 16 17 18 19 0.1 0.1 0.1 2000 0.1 0.1 0.1 0.1 0.1 0.1 0.1 0.1 0.1 0.1 0.1 0.1 0.1 0.1 0.1 0.1
3 20 0 1 2 3 4 5 6 7 8 9 10 11 12 13 14 15 16 17 18 19 0.1 200 2000 0.1 0.1 200 0.1 200 0.1 200 0.1 200 0.1 200 0.1 200 0.1 200 0.1 200
4 20 0 1 2 3 4 5 6 7 8 9 10 11 12 13 14 15 16 17 18 19 0.1 0.1 0.1 0.1 0.1 2000 0.1 0.1 0.1 0.1 0.1 0.1 0.1 0.1 0.1 0.1 0.1 0.1 0.1 0.1
5 20 0 1 2 3 4 5 6 7 8 9 10 11 12 13 14 15 16 17 18 19 0.1 200 0.1 200 2000 0.1 0.1 200 0.1 200 0.1 200 0.1 200 0.1 200 0.1 200 0.1 200
6 20 0 1 2 3 4 5 6 7 8 9 10 11 12 13 14 15 16 17 18 19 0.1 0.1 0.1 0.1 0.1 0.1 0.1 2000 0.1 0.1 0.1 0.1 0.1 0.1 0.1 0.1 0.1 0.1 0.1 0.1
7 20 0 1 2 3 4 5 6 7 8 9 10 11 12 13 14 15 16 17 18 19 0.1 200 0.1 200 0.1 200 2000 0.1 0.1 200 0.1 200 0.1 200 0.1 200 0.1 200 0.1 200
8 20 0 1 2 3 4 5 6 7 8 9 10 11 12 13 14 15 16 17 18 19 0.1 0.1 0.1 0.1 0.1 0.1 0.1 0.1 0.1 2000 0.1 0.1 0.1 0.1 0.1 0.1 0.1 0.1 0.1 0.1
9 20 0 1 2 3 4 5 6 7 8 9 10 11 12 13 14 15 16 17 18 19 0.1 200 0.1 200 0.1 200 0.1 200 2000 0.1 0.1 200 0.1 200 0.1 200 0.1 200 0.1 200
10 20 0 1 2 3 4 5 6 7 8 9 10 11 12 13 14 15 16 17 18 19 0.1 0.1 0.1 0.1 0.1 0.1 0.1 0.1 0.1 0.1 0.1 2000 0.1 0.1 0.1 0.1 0.1 0.1 0.1 0.1
11 20 0 1 2 3 4 5 6 7 8 9 10 11 12 13 14 15 16 17 18 19 0.1 200 0.1 200 0.1 200 0.1 200 0.1 200 2000 0.1 0.1 200 0.1 200 0.1 200 0.1 200
12 20 0 1 2 3 4 5 6 7 8 9 10 11 12 13 14 15 16 17 18 19 0.1 0.1 0.1 0.1 0.1 0.1 0.1 0.1 0.1 0.1 0.1 0.1 0.1 2000 0.1 0.1 0.1 0.1 0.1 0.1
13 20 0 1 2 3 4 5 6 7 8 9 10 11 12 13 14 15 16 17 18 19 0.1 200 0.1 200 0.1 200 0.1 200 0.1 200 0.1 200 2000 0.1 0.1 200 0.1 200 0.1 200
14 20 0 1 2 3 4 5 6 7 8 9 10 11 12 13 14 15 16 17 18 19 0.1 0.1 0.1 0.1 0.1 0.1 0.1 0.1 0.1 0.1 0.1 0.1 0.1 0.1 0.1 2000 0.1 0.1 0.1 0.1
15 20 0 1 2 3 4 5 6 7 8 9 10 11 12 13 14 15 16 17 18 19 0.1 200 0.1 200 0.1 200 0.1 200 0.1 200 0.1 200 0.1 200 2000 0.1 0.1 200 0.1 200
16 20 0 1 2 3 4 5 6 7 8 9 10 11 12 13 14 15 16 17 18 19 0.1 0.1 0.1 0.1 0.1 0.1 0.1 0.1 0.1 0.1 0.1 0.1 0.1 0.1 0.1 0.1 0.1 2000 0.1 0.1
17 20 0 1 2 3 4 5 6 7 8 9 10 11 12 13 14 15 16 17 18 19 0.1 200 0.1 200 0.1 200 0.1 200 0.1 200 0.1 200 0.1 200 0.1 200 2000 0.1 0.1 200
18 20 0 1 2 3 4 5 6 7 8 9 10 11 12 13 14 15 16 17 18 19 0.1 0.1 0.1 0.1 0.1 0.1 0.1 0.1 0.1 0.1 0.1 0.1 0.1 0.1 0.1 0.1 0.1 0.1 0.1 1200
19 20 0 1 2 3 4 5 6 7 8 9 10 11 12 13 14 15 16 17 18 19 0.1 200 0.1 200 0.1 200 0.1 200 0.1 200 0.1 200 0.1 200 0.1 200 0.1 200 1200 0.1
